NSGA_II:
    Hypervolume: 
        Aggregate: 0.31405079509119865
        Min: 0.20185760300002809
        Median: 0.290360605556564
        Max: 0.31405079509119865
        Mean: 0.2841586798861556
        StandardDeviation: 0.03300270746134822
        Variance: 0.0010891786997793299
        Count: 20
        Indifferent: []
        EffectSize: []
        Values: [0.290360605556564, 0.31405079509119865, 0.20185760300002809, 0.290360605556564, 0.290360605556564, 0.25939657841951963, 0.290360605556564, 0.31405079509119865, 0.31405079509119865, 0.24180111025283893, 0.31405079509119865, 0.31405079509119865, 0.21945307116670876, 0.25939657841951963, 0.290360605556564, 0.290360605556564, 0.290360605556564, 0.31405079509119865, 0.2703888519301586, 0.31405079509119865]
    AdditiveEpsilonIndicator: 
        Aggregate: 0.0
        Min: 0.0
        Median: 0.22360679774997896
        Max: 0.3162277660168379
        Mean: 0.20916129278430198
        StandardDeviation: 0.0927742685057822
        Variance: 0.00860706489678297
        Count: 20
        Indifferent: []
        EffectSize: []
        Values: [0.07107056860390376, 0.22360679774997896, 0.22360679774997896, 0.22360679774997896, 0.22360679774997896, 0.3162277660168379, 0.07107056860390376, 0.22360679774997896, 0.3162277660168379, 0.22360679774997896, 0.0, 0.3162277660168379, 0.15280734229034953, 0.22360679774997896, 0.07107056860390376, 0.22360679774997896, 0.3162277660168379, 0.22360679774997896, 0.22360679774997896, 0.3162277660168379]
    MaximumParetoFrontError: 
        Aggregate: 0.0
        Min: 0.0
        Median: 0.22360679774997896
        Max: 1.3333333333333335
        Mean: 0.4122576312907249
        StandardDeviation: 0.4104225794666564
        Variance: 0.16844669373606388
        Count: 20
        Indifferent: []
        EffectSize: []
        Values: [0.07107056860390376, 1.0, 0.22360679774997896, 1.0, 0.22360679774997896, 0.33333333333333326, 0.07107056860390376, 0.22360679774997896, 0.40138648595974313, 1.3333333333333335, 0.0, 0.40138648595974313, 0.15280734229034953, 0.22360679774997896, 0.07107056860390376, 0.33333333333333326, 1.3333333333333335, 0.22360679774997896, 0.22360679774997896, 0.40138648595974313]
